100
101
102
103
104
105
106
107
108
109
110
111
112
113
114
115
116
117
118
119
120
121
122
123
124
125
126
127
128
129
130
131
132
133
134
135
136
137
138
139
140
141
142
143
144
145
146
147
148
149
150
151
152
153
154
155
156
157
158
159
160
161
162
163
164
165
166
167
168
169
170
171
172
173
174
175
176
177
178
179
180
181
182
183
184
185
186
187
188
189
190
191
192
193
194
195
196
197
198
199
200
202
204
206
208
210
212
214
216
218
220
222
224
226
228
230
232
234
236
238
240
242
244
246
248
250
252
254
256
258
260
262
264
266
268
270
272
274
276
278
280
282
284
286
288
290
292
294
296
298
300
303
306
309
312
315
318
321
324
327
330
333
336
339
342
345
348
351
354
357
360
363
366
369
372
375
378
381
384
387
390
393
396
399
402
406
410
414
418
422
426
430
434
438
442
446
450
454
458
462
466
470
474
478
482
486
490
494
498
502
507
512
517
522
527
532
537
542
547
552
557
562
567
572
577
582
587
592
597
602
608
614
620
626
632
638
644
650
656
662
668
674
680
686
692
698
704
711
718
725
732
739
746
753
760
767
774
781
788
795
802
810
818
826
834
842
850
858
866
874
882
890
898
906
915
924
933
942
951
960
969
978
987
996
1005
1015
1025
1035
1045
1055
1065
1075
1085
1095
1105
1116
1127
1138
1149
1160
1171
1182
1193
1204
1216
1228
1240
1252
1264
1276
1288
1300
1313
1326
1339
1352
1365
1378
1391
1404
1418
1432
1446
1460
1474
1488
1502
1517
1532
1547
1562
1577
1592
1607
1623
1639
1655
1671
1687
1703
1720
1737
1754
1771
1788
1805
1823
1841
1859
1877
1895
1913
1932
1951
1970
1989
2008
2028
2048
2068
2088
2108
2129
2150
2171
2192
2213
2235
2257
2279
2301
2324
2347
2370
2393
2416
2440
2464
2488
2512
2537
2562
2587
2612
2638
2664
2690
2716
2743
2770
2797
2824
2852
2880
2908
2937
2966
2995
3024
3054
3084
3114
3145
3176
3207
3239
3271
3303
3336
3369
3402
3436
3470
3504
3539
3574
3609
3645
3681
3717
3754
3791
3828
3866
3904
3943
3982
4021
4061
4101
4142
4183
4224
4266
4308
4351
4394
4437
4481
4525
4570
4615
4661
4707
4754
4801
4849
4897
4945
4994
5043
5093
5143
5194
5245
5297
5349
5402
5456
5510
5565
5620
5676
5732
5789
5846
5904
5963
6022
6082
6142
6203
6265
6327
6390
6453
6517
6582
6647
6713
6780
6847
6915
6984
7053
7123
7194
7265
7337
7410
7484
7558
7633
7709
7786
7863
7941
8020
8100
8181
8262
8344
8427
8511
8596
8681
8767
8854
8942
9031
9121
9212
9304
9397
9490
9584
9679
9775
9872
9970
10069
10169
10270
10372
10475
10579
10684
10790
10897
11005
11115
11226
11338
11451
11565
11680
11796
11913
12032
12152
12273
12395
12518
12643
12769
12896
13024
13154
13285
13417
13551
13686
13822
13960
14099
14239
14381
14524
14669
14815
14963
15112
15263
15415
15569
15724
15881
16039
16199
16360
16523
16688
16854
17022
17192
17363
17536
17711
17888
18066
18246
18428
18612
18798
18985
19174
19365
19558
19753
19950
20149
20350
20553
20758
20965
21174
21385
21598
21813
22031
22251
22473
22697
22923
23152
23383
23616
23852
24090
24330
24573
24818
25066
25316
25569
25824
26082
26342
26605
26871
27139
27410
27684
27960
28239
28521
28806
29094
29384
29677
29973
30272
30574
30879
31187
31498
31812
32130
32451
32775
33102
33433
33767
34104
34445
34789
35136
35487
35841
36199
36560
36925
37294
37666
38042
38422
38806
39194
39585
39980
40379
40782
41189
41600
42016
42436
42860
43288
43720
44157
44598
45043
45493
45947
46406
46870
47338
47811
48289
48771
49258
49750
50247
50749
51256
51768
52285
52807
53335
53868
54406
54950
55499
56053
56613
57179
57750
58327
58910
59499
60093
60693
61299
61911
62530
63155
63786
64423
65067
65717
66374
67037
67707
68384
69067
69757
70454
71158
71869
72587
73312
74045
74785
75532
76287
77049
77819
78597
79382
80175
80976
81785
82602
83428
84262
85104
85955
86814
87682
88558
89443
90337
91240
92152
93073
94003
94943
95892
96850
97818
98796
99783
100780
101787
102804
103832
104870
105918
106977
108046
109126
110217
111319
112432
113556
114691
115837
116995
118164
119345
120538
121743
122960
124189
125430
126684
127950
129229
130521
131826
133144
134475
135819
137177
138548
139933
141332
142745
144172
145613
147069
148539
150024
151524
153039
154569
156114
157675
159251
160843
162451
164075
165715
167372
169045
170735
172442
174166
175907
177666
179442
181236
183048
184878
186726
188593
190478
192382
194305
196248
198210
200192
202193
204214
206256
208318
210401
212505
214630
216776
218943
221132
223343
225576
227831
230109
232410
234734
237081
239451
241845
244263
246705
249172
251663
254179
256720
259287
261879
264497
267141
269812
272510
275235
277987
280766
283573
286408
289272
292164
295085
298035
301015
304025
307065
310135
313236
316368
319531
322726
325953
329212
332504
335829
339187
342578
346003
349463
352957
356486
360050
363650
367286
370958
374667
378413
382197
386018
389878
393776
397713
401690
405706
409763
413860
417998
422177
426398
430661
434967
439316
443709
448146
452627
457153
461724
466341
471004
475714
480471
485275
490127
495028
499978
504977
510026
515126
520277
525479
530733
536040
541400
546814
552282
557804
563382
569015
574705
580452
586256
592118
598039
604019
610059
616159
622320
628543
634828
641176
647587
654062
660602
667208
673880
680618
687424
694298
701240
708252
715334
722487
729711
737008
744378
751821
759339
766932
774601
782347
790170
798071
806051
814111
822252
830474
838778
847165
855636
864192
872833
881561
890376
899279
908271
917353
926526
935791
945148
954599
964144
973785
983522
993357
1003290
1013322
1023455
1033689
1044025
1054465
1065009
1075659
1086415
1097279
1108251
1119333
1130526
1141831
1153249
1164781
1176428
1188192
1200073
1212073
1224193
1236434
1248798
1261285
1273897
1286635
1299501
1312496
1325620
1338876
1352264
1365786
1379443
1393237
1407169
1421240
1435452
1449806
1464304
1478947
1493736
1508673
1523759
1538996
1554385
1569928
1585627
1601483
1617497
1633671
1650007
1666507
1683172
1700003
1717003
1734173
1751514
1769029
1786719
1804586
1822631
1840857
1859265
1877857
1896635
1915601
1934757
1954104
1973645
1993381
2013314
2033447
2053781
2074318
2095061
2116011
2137171
2158542
2180127
2201928
2223947
2246186
2268647
2291333
2314246
2337388
2360761
2384368
2408211
2432293
2456615
2481181
2505992
2531051
2556361
2581924
2607743
2633820
2660158
2686759
2713626
2740762
2768169
2795850
2823808
2852046
2880566
2909371
2938464
2967848
2997526
3027501
3057776
3088353
3119236
3150428
3181932
3213751
3245888
3278346
3311129
3344240
3377682
3411458
3445572
3480027
3514827
3549975
3585474
3621328
3657541
3694116
3731057
3768367
3806050
3844110
3882551
3921376
3960589
4000194
4040195
4080596
4121401
4162615
4204241
4246283
4288745
4331632
4374948
4418697
4462883
4507511
4552586
4598111
4644092
4690532
4737437
4784811
4832659
4880985
4929794
4979091
5028881
5079169
5129960
5181259
5233071
5285401
5338255
5391637
5445553
5500008
5555008
5610558
5666663
5723329
5780562
5838367
5896750
5955717
6015274
6075426
6136180
6197541
6259516
6322111
6385332
6449185
6513676
6578812
6644600
6711046
6778156
6845937
6914396
6983539
7053374
7123907
7195146
7267097
7339767
7413164
7487295
7562167
7637788
7714165
7791306
7869219
7947911
8027390
8107663
8188739
8270626
8353332
8436865
8521233
8606445
8692509
8779434
8867228
8955900
9045459
9135913
9227272
9319544
9412739
9506866
9601934
9697953
9794932
9892881
9991809
10091727
10192644
10294570
10397515
10501490
10606504
10712569
10819694
10927890
11037168
11147539
11259014
11371604
11485320
11600173
11716174
11833335
11951668
12071184
12191895
12313813
12436951
12561320
12686933
12813802
12941940
13071359
13202072
13334092
13467432
13602106
13738127
13875508
14014263
14154405
14295949
14438908
14583297
14729129
14876420
15025184
15175435
15327189
15480460
15635264
15791616
15949532
16109027
16270117
16432818
16597146
16763117
16930748
17100055
17271055
17443765
17618202
17794384
17972327
18152050
18333570
18516905
18702074
18889094
19077984
19268763
19461450
19656064
19852624
20051150
20251661
20454177
20658718
20865305
21073958
21284697
21497543
21712518
21929643
22148939
22370428
22594132
22820073
23048273
23278755
23511542
23746657
23984123
24223964
24466203
24710865
24957973
25207552
25459627
25714223
25971365
26231078
26493388
26758321
27025904
27296163
27569124
27844815
28123263
28404495
28688539
28975424
29265178
29557829
29853407
30151941
30453460
30757994
31065573
31376228
31689990
32006889
32326957
32650226
32976728
33306495
33639559
33975954
34315713
34658870
35005458
35355512
35709067
36066157
36426818
36791086
37158996
37530585
37905890
38284948
38667797
39054474
39445018
39839468
40237862
40640240
41046642
41457108
41871679
42290395
42713298
43140430
43571834
44007552
44447627
44892103
45341024
45794434
46252378
46714901
47182050
47653870
48130408
48611712
49097829
49588807
50084695
50585541
51091396
51602309
52118332
52639515
53165910
53697569
54234544
54776889
55324657
55877903
56436682
57001048
57571058
58146768
58728235
59315517
59908672
60507758
61112835
61723963
62341202
62964614
63594260
64230202
64872504
65521229
66176441
66838205
67506587
68181652
68863468
69552102
70247623
70950099
71659599
72376194
73099955
73830954
74569263
75314955
76068104
76828785
77597072
78373042
79156772
79948339
80747822
81555300
82370853
83194561
84026506
84866771
85715438
86572592
87438317
88312700
89195827
90087785
90988662
91898548
92817533
93745708
94683165
95629996
96586295
97552157
98527678
99512954
100508083
101513163
102528294
103553576
104589111
105635002
106691352
107758265
108835847
109924205
111023447
112133681
113255017
114387567
115531442
116686756
117853623
119032159
120222480
121424704
122638951
123865340
125103993
126355032
127618582
128894767
130183714
131485551
132800406
134128410
135469694
136824390
138192633
139574559
140970304
142380007
143803807
145241845
146694263
148161205
149642817
151139245
152650637
154177143
155718914
157276103
158848864
160437352
162041725
163662142
165298763
166951750
168621267
170307479
172010553
173730658
175467964
177222643
178994869
180784817
182592665
184418591
186262776
188125403
190006657
191906723
193825790
195764047
197721687
199698903
201695892
203712850
205749978
207807477
209885551
211984406
214104250
216245292
218407744
220591821
222797739
225025716
227275973
229548732
231844219
234162661
236504287
238869329
241258022
243670602
246107308
248568381
251054064
253564604
256100250
258661252
261247864
263860342
266498945
269163934
271855573
274574128
277319869
280093067
282893997
285722936
288580165
291465966
294380625
297324431
300297675
303300651
306333657
309396993
312490962
315615871
318772029
321959749
325179346
328431139
331715450
335032604
338382930
341766759
345184426
348636270
352122632
355643858
359200296
362792298
366420220
370084422
373785266
377523118
381298349
385111332
388962445
392852069
396780589
400748394
404755877
408803435
412891469
417020383
421190586
425402491
429656515
433953080
438292610
442675536
447102291
451573313
456089046
460649936
465256435
469908999
474608088
479354168
484147709
488989186
493879077
498817867
503806045
508844105
513932546
519071871
524262589
529505214
534800266
540148268
545549750
551005247
556515299
562080451
567701255
573378267
579112049
584903169
590752200
596659722
602626319
608652582
614739107
620886498
627095362
633366315
639699978
646096977
652557946
659083525
665674360
672331103
679054414
685844958
692703407
699630441
706626745
713693012
720829942
728038241
735318623
742671809
750098527
757599512
765175507
772827262
780555534
788361089
796244699
804207145
812249216
820371708
828575425
836861179
845229790
853682087
862218907
870841096
879549506
888345001
897228451
906200735
915262742
924415369
933659522
942996117
952426078
961950338
971569841
981285539
991098394
1001009377
1011019470
1021129664
1031340960
1041654369
1052070912
1062591621
1073217537
1083949712
1094789209
1105737101
1116794472
1127962416
1139242040
1150634460
1162140804
1173762212
1185499834
1197354832
1209328380
1221421663
1233635879
1245972237
1258431959
1271016278
1283726440
1296563704
1309529341
1322624634
1335850880
1349209388
1362701481
1376328495
1390091779
1403992696
1418032622
1432212948
1446535077
1461000427
1475610431
1490366535
1505270200
1520322902
1535526131
1550881392
1566390205
1582054107
1597874648
1613853394
1629991927
1646291846
1662754764
1679382311
1696176134
1713137895
1730269273
1747571965
1765047684
1782698160
1800525141
1818530392
1836715695
1855082851
1873633679
1892370015
1911293715
1930406652
1949710718
1969207825
1988899903
2008788902
2028876791
2049165558
2069657213
2090353785
2111257322
2132369895
2153693593
2175230528
2196982833
2218952661
2241142187
2263553608
2286189144
2309051035
2332141545
2355462960
2379017589
2402807764
2426835841
2451104199
2475615240
2500371392
2525375105
2550628856
2576135144
2601896495
2627915459
2654194613
2680736559
2707543924
2734619363
2761965556
2789585211
2817481063
2845655873
2874112431
2902853555
2931882090
2961200910
2990812919
3020721048
3050928258
3081437540
3112251915
3143374434
3174808178
3206556259
3238621821
3271008039
3303718119
3336755300
3370122853
3403824081
3437862321
3472240944
3506963353
3542032986
3577453315
3613227848
3649360126
3685853727
3722712264
3759939386
3797538779
3835514166
3873869307
3912608000
3951734080
3991251420
4031163934
4071475573
4112190328
4153312231
4194845353
4236793806
4279161744
4321953361
4365172894
4408824622
4452912868
4497441996
4542416415
4587840579
4633718984
4680056173
4726856734
4774125301
4821866554
4870085219
4918786071
4967973931
5017653670
5067830206
5118508508
5169693593
5221390528
5273604433
5326340477
5379603881
5433399919
5487733918
5542611257
5598037369
5654017742
5710557919
5767663498
5825340132
5883593533
5942429468
6001853762
6061872299
6122491021
6183715931
6245553090
6308008620
6371088706
6434799593
6499147588
6564139063
6629780453
6696078257
6763039039
6830669429
6898976123
6967965884
7037645542
7108021997
7179102216
7250893238
7323402170
7396636191
7470602552
7545308577
7620761662
7696969278
7773938970
7851678359
7930195142
8009497093
8089592063
8170487983
8252192862
8334714790
8418061937
8502242556
8587264981
8673137630
8759869006
8847467696
8935942372
9025301795
9115554812
9206710360
9298777463
9391765237
9485682889
9580539717
9676345114
9773108565
9870839650
9969548046
10069243526
10169935961
10271635320
10374351673
10478095189
10582876140
10688704901
10795591950
10903547869
11012583347
11122709180
11233936271
11346275633
11459738389
11574335772
11690079129
11806979920
11925049719
12044300216
12164743218
12286390650
12409254556
12533347101
12658680572
12785267377
12913120050
13042251250
13172673762
13304400499
13437444503
13571818948
13707537137
13844612508
13983058633
14122889219
14264118111
14406759292
14550826884
14696335152
14843298503
14991731488
15141648802
15293065290
15445995942
15600455901
15756460460
15914025064
16073165314
16233896967
16396235936
16560198295
16725800277
16893058279
17061988861
17232608749
17404934836
17578984184
17754774025
17932321765
18111644982
18292761431
18475689045
18660445935
18847050394
19035520897
19225876105
19418134866
19612316214
19808439376
20006523769
20206589006
20408654896
20612741444
20818868858
21027057546
21237328121
21449701402
21664198416
21880840400
22099648804
22320645292
22543851744
22769290261
22996983163
23226952994
23459222523
23693814748
23930752895
24170060423
24411761027
24655878637
24902437423
25151461797
25402976414
25657006178
25913576239
26172712001
26434439121
26698783512
26965771347
27235429060
27507783350
27782861183
28060689794
28341296691
28624709657
28910956753
29200066320
29492066983
29786987652
30084857528
30385706103
30689563164
30996458795
31306423382
31619487615
31935682491
32255039315
32577589708
32903365605
33232399261
33564723253
33900370485
34239374189
34581767930
34927585609
35276861465
35629630079
35985926379
36345785642
36709243498
37076335932
37447099291
37821570283
38199785985
38581783844
38967601682
39357277698
39750850474
40148358978
40549842567
40955340992
41364894401
41778543345
42196328778
42618292065
43044474985
43474919734
43909668931
44348765620
44792253276
45240175808
45692577566
46149503341
46610998374
47077108357
47547879440
48023358234
48503591816
48988627734
49478514011
49973299151
50473032142
50977762463
51487540087
52002415487
52522439641
53047664037
53578140677
54113922083
54655061303
55201611916
55753628035
56311164315
56874275958
57443018717
58017448904
58597623393
59183599626
59775435622
60373189978
60976921877
61586691095
62202558005
62824583585
63452829420
64087357714
64728231291
65375513603
66029268739
66689561426
67356457040
68030021610
68710321826
69397425044
70091399294
70792313286
71500236418
72215238782
72937391169
73666765080
74403432730
75147467057
75898941727
76657931144
77424510455
78198755559
78980743114
79770550545
80568256050
81373938610
82187677996
83009554775
83839650322
84678046825
85524827293
86380075565
87243876320
88116315083
88997478233
89887453015
90786327545
91694190820
92611132728
93537244055
94472616495
95417342659
96371516085
97335231245
98308583557
99291669392
100284586085
101287431945
102300306264
103323309326
104356542419
105400107843
106454108921
107518650010
108593836510
109679774875
110776572623
111884338349
113003181732
114133213549
115274545684
116427291140
117591564051
118767479691
119955154487
121154706031
122366253091
123589915621
124825814777
126074072924
127334813653
128608161789
129894243406
131193185840
132505117698
133830168874
135168470562
136520155267
137885356819
139264210387
140656852490
142063421014
143484055224
144918895776
146368084733
147831765580
149310083235
150803184067
152311215907
153834328066
155372671346
156926398059
158495662039
160080618659
161681424845
163298239093
164931221483
166580533697
168246339033
169928802423
171628090447
173344371351
175077815064
176828593214
178596879146
180382847937
182186676416
184008543180
185848628611
187707114897
189584186045
191480027905
193394828184
195328776465
197282064229
199254884871
201247433719
203259908056
205292507136
207345432207
209418886529
211513075394
213628206147
215764488208
217922133090
220101354420
222302367964
224525391643
226770645559
229038352014
231328735534
233642022889
235978443117
238338227548
240721609823
243128825921
245560114180
248015715321
250495872474
253000831198
255530839509
258086147904
260667009383
263273679476
265906416270
268565480432
271251135236
273963646588
276703283053
279470315883
282265019041
285087669231
287938545923
290817931382
293726110695
296663371801
299630005519
302626305574
305652568629
308709094315
311796185258
314914147110
318063288581
321243921466
324456360680
327700924286
330977933528
334287712863
337630589991
341006895890
344416964848
347861134496
351339745840
354853143298
358401674730
361985691477
365605548391
369261603874
372954219912
376683762111
380450599732
384255105729
388097656786
391978633353
395898419686
399857403882
403855977920
407894537699
411973483075
416093217905
420254150084
424456691584
428701258499
432988271083
437318153793
441691335330
446108248683
450569331169
455075024480
459625774724
464222032471
468864252795
473552895322
478288424275
483071308517
487902021602
492781041818
497708852236
502685940758
507712800165
512789928166
517917827447
523097005721
528327975778
533611255535
538947368090
544336841770
549780210187
555278012288
560830792410
566439100334
572103491337
577824526250
583602771512
589438799227
595333187219
601286519091
607299384281
613372378123
619506101904
625701162923
631958174552
638277756297
644660533859
651107139197
657618210588
664194392693
670836336619
677544699985
684320146984
691163348453
698074981937
705055731756
712106289073
719227351963
726419625482
733683821736
741020659953
748430866552
755915175217
763474326969
771109070238
778820160940
786608362549
794474446174
802419190635
810443382541
818547816366
826733294529
835000627474
843350633748
851784140085
860301981485
868905001299
877594051311
886369991824
895233691742
904186028659
913227888945
922360167834
931583769512
940899607207
950308603279
959811689311
969409806204
979103904266
988894943308
998783892741
1008771731668
1018859448984
1029048043473
1039338523907
1049731909146
1060229228237
1070831520519
1081539835724
1092355234081
1103278786421
1114311574285
1125454690027
1136709236927
1148076329296
1159557092588
1171152663513
1182864190148
1194692832049
1206639760369
1218706157972
1230893219551
1243202151746
1255634173263
1268190514995
1280872420144
1293681144345
1306617955788
1319684135345
1332880976698
1346209786464
1359671884328
1373268603171
1387001289202
1400871302094
1414880015114
1429028815265
1443319103417
1457752294451
1472329817395
1487053115568
1501923646723
1516942883190
1532112312021
1547433435141
1562907769492
1578536847186
1594322215657
1610265437813
1626368092191
1642631773112
1659058090843
1675648671751
1692405158468
1709329210052
1726422502152
1743686727173
1761123594444
1778734830388
1796522178691
1814487400477
1832632274481
1850958597225
1869468183197
1888162865028
1907044493678
1926114938614
1945376088000
1964829848880
1984478147368
2004322928841
2024366158129
2044609819710
2065055917907
2085706477086
2106563541856
2127629177274
2148905469046
2170394523736
2192098468973
2214019453662
2236159648198
2258521244679
2281106457125
2303917521696
2326956696912
2350226263881
2373728526519
2397465811784
2421440469901
2445654874600
2470111423346
2494812537579
2519760662954
2544958269583
2570407852278
2596111930800
2622073050108
2648293780609
2674776718415
2701524485599
2728539730454
2755825127758
2783383379035
2811217212825
2839329384953
2867722678802
2896399905590
2925363904645
2954617543691
2984163719127
3014005356318
3044145409881
3074586863979
3105332732618
3136386059944
3167749920543
3199427419748
3231421693945
3263735910884
3296373269992
3329337002691
3362630372717
3396256676444
3430219243208
3464521435640
3499166649996
3534158316495
3569499899659
3605194898655
3641246847641
3677659316117
3714435909278
3751580268370
3789096071053
3826987031763
3865256902080
3903909471100
3942948565811
3982378051469
4022201831983
4062423850302
4103048088805
4144078569693
4185519355389
4227374548942
4269648294431
4312344777375
4355468225148
4399022907399
4443013136472
4487443267836
4532317700514
4577640877519
4623417286294
4669651459156
4716347973747
4763511453484
4811146568018
4859258033698
4907850614034
4956929120174
5006498411375
5056563395488
5107129029442
5158200319736
5209782322933
5261880146162
5314498947623
5367643937099
5421320376469
5475533580233
5530288916035
5585591805195
5641447723246
5697862200478
5754840822482
5812389230706
5870513123013
5929218254243
5988510436785
6048395541152
6108879496563
6169968291528
6231667974443
6293984654187
6356924500728
6420493745735
6484698683192
6549545670023
6615041126723
6681191537990
6748003453369
6815483487902
6883638322781
6952474706008
7021999453068
7092219447598
7163141642073
7234773058493
7307120789077
7380191996967
7453993916936
7528533856105
7603819194666
7679857386612
7756655960478
7834222520082
7912564745282
7991690392734
8071607296661
8152323369627
8233846603323
8316185069356
8399346920049
8483340389249
8568173793141
8653855531072
8740394086382
8827798027245
8916076007517
9005236767592
9095289135267
9186242026619
9278104446885
9370885491353
9464594346266
9559240289728
9654832692625
9751381019551
9848894829746
9947383778043
10046857615823
10147326191981
10248799453900
10351287448439
10454800322923
10559348326152
10664941809413
10771591227507
10879307139782
10988100211179
11097981213290
11208961025422
11321050635676
11434261142032
11548603753452
11664089790986
11780730688895
11898537995783
12017523375740
12137698609497
12259075595591
12381666351546
12505483015061
12630537845211
12756843223663
12884411655899
13013255772457
13143388330181
13274822213482
13407570435616
13541646139972
13677062601371
13813833227384
13951971559657
14091491275253
14232406188005
14374730249885
14518477552383
14663662327906
14810298951185
14958401940696
15107985960102
15259065819703
15411656477900
15565773042679
15721430773105
15878645080836
16037431531644
16197805846960
16359783905429
16523381744483
16688615561927
16855501717546
17024056734721
17194297302068
17366240275088
17539902677838
17715301704616
17892454721662
18071379268878
18252093061566
18434613992181
18618960132102
18805149733423
18993201230757
19183133243064
19374964575494
19568714221248
19764401363460
19962045377094
20161665830864
20363282489172
20566915314063
20772584467203
20980310311875
21190113414993
21402014549142
21616034694633
21832195041579
22050516991994
22271022161913
22493732383532
22718669707367
22945856404440
23175314968484
23407068118168
23641138799349
23877550187342
24116325689215
24357488946107
24601063835568
24847074473923
25095545218662
25346500670848
25599965677556
25855965334331
26114524987674
26375670237550
26639426939925
26905821209324
27174879421417
27446628215631
27721094497787
27998305442764
28278288497191
28561071382162
28846682095983
29135148916942
29426500406111
29720765410172
30017973064273
30318152794915
30621334322864
30927547666092
31236823142752
31549191374179
31864683287920
32183330120799
32505163422006
32830215056226
33158517206788
33490102378855
33825003402643
34163253436669
34504885971035
34849934830745
35198434179052
35550418520842
35905922706050
36264981933110
36627631752441
36993908069965
37363847150664
37737485622170
38114860478391
38496009083174
38880969174005
39269778865745
39662476654402
40059101420946
40459692435155
40864289359506
41272932253101
41685661575632
42102518191388
42523543373301
42948778807034
43378266595104
43812049261055
44250169753665
44692671451201
45139598165713
45590994147370
46046904088843
46507373129731
46972446861028
47442171329638
47916593042934
48395758973363
48879716563096
49368513728726
49862198866013
50360820854673
50864429063219
51373073353851
51886804087389
52405672128262
52929728849544
53459026138039
53993616399419
54533552563413
55078888089047
55629676969937
56185973739636
56747833477032
57315311811802
57888464929920
58467349579219
59052023075011
59642543305761
60238968738818
60841358426206
61449772010468
62064269730572
62684912427877
63311761552155
63944879167676
64584327959352
65230171238945
65882472951334
66541297680847
67206710657655
67878777764231
68557565541873
69243141197291
69935572609263
70634928335355
71341277618708
72054690394895
72775237298843
73502989671831
74238019568549
74980399764234
75730203761876
76487505799494
77252380857488
78024904666062
78805153712722
79593205249849
80389137302347
81193028675370
82004958962123
82825008551744
83653258637261
84489791223633
85334689135869
86188036027227
87049916387499
87920415551373
88799619706886
89687615903954
90584492062993
91490336983622
92405240353458
93329292756992
94262585684561
95205211541406
96157263656820
97118836293388
98090024656321
99070924902884
100061634151912
101062250493431
102072872998365
103093601728348
104124537745631
105165783123087
106217440954317
107279615363860
108352411517498
109435935632672
110530294988998
111635597938887
112751953918275
113879473457457
115018268192031
116168450873951
117330135382690
118503436736516
119688471103881
120885355814919
122094209373068
123315151466798
124548302981465
125793786011279
127051723871391
128322241110104
129605463521205
130901518156417
132210533337981
133532638671360
134867965058073
136216644708653
137578811155739
138954599267296
140344145259968
141747586712567
143165062579692
144596713205488
146042680337542
147503107140917
148978138212326
150467919594449
151972598790393
153492324778296
155027248026078
156577520506338
158143295711401
159724728668515
161321975955200
162935195714752
164564547671899
166210193148617
167872295080103
169551018030904
171246528211213
172958993493325
174688583428258
176435469262540
178199823955165
179981822194716
181781640416663
183599456820829
185435451389037
187289805902927
189162703961956
191054331001575
192964874311590
194894523054705
196843468285252
198811902968104
200800021997785
202808022217762
204836102439939
206884463464338
208953308098981
211042841179970
213153269591769
215284802287686
217437650310562
219612026813667
221808147081803
224026228552621
226266490838147
228529155746528
230814447303993
233122591777032
235453817694802
237808355871750
240186439430467
242588303824771
245014186863018
247464328731648
249938972018964
252438361739153
254962745356544
257512372810109
260087496538210
262688371503592
265315255218627
267968407770813
270648091848521
273354572767006
276088118494676
278848999679622
281637489676418
284453864573182
287298403218913
290171387251102
293073101123613
296003832134849
298963870456197
301953509160758
304973044252365
308022774694888
311103002441836
314214032466254
317356172790916
320529734518825
323735031864013
326972382182653
330242106004479
333544527064523
336879972335168
340248772058519
343651259779104
347087772376895
350558650100663
354064236601669
357604878967685
361180927757361
364792737034934
368440664405283
372125071049335
375846321759828
379604784977426
383400832827200
387234841155472
391107189567026
395018261462696
398968444077322
402958128518095
406987709803275
411057586901307
415168162770320
419319844398023
423513042842003
427748173270423
432025655003127
436345911553158
440709370668689
445116464375375
449567629019128
454063305309319
458603938362412
463189977746036
467821877523496
472500096298730
477225097261717
481997348234334
486817321716677
491685494933843
496602349883181
501568373382012
506584057115832
511649897686990
516766396663859
521934060630497
527153401236801
532424935249169
537749184601660
543126676447676
548557943212152
554043522644273
559583957870715
565179797449422
570831595423916
576539911378155
582305310491936
588128363596855
594009647232823
599949743705151
605949241142202
612008733553624
618128820889160
624310109098051
630553210189031
636858742290921
643227329713830
649659603010968
656156199041077
662717761031487
669344938641801
676038388028219
682798771908501
689626759627586
696523027223861
703488257496099
710523140071059
717628371471769
724804655186486
732052701738350
739373228755733
746766961043290
754234630653722
761776976960259
769394746729861
777088694197159
784859581139130
792708176950521
800635258720026
808641611307226
816728027420298
824895307694500
833144260771445
841475703379159
849890460412950
858389365017079
866973258667249
875642991253921
884399421166460
893243415378124
902175849531905
911197608027224
920309584107496
929512679948570
938807806748055
948195884815535
957677843663690
967254622100326
976927168321329
986696440004542
996563404404587
1006529038448632
1016594328833118
1026760272121449
1037027874842663
1047398153591089
1057872135126999
1068450856478268
1079135365043050
1089926718693480
1100825985880414
1111834245739218
1122952588196610
1134182114078576
1145523935219361
1156979174571554
1168548966317269
1180234455980441
1192036800540245
1203957168545647
1215996740231103
1228156707633414
1240438274709748
1252842657456845
1265371084031413
1278024794871727
1290805042820444
1303713093248648
1316750224181134
1329917726422945
1343216903687174
1356649072724045
1370215563451285
1383917719085797
1397756896276654
1411734465239420
1425851809891814
1440110327990732
1454511431270639
1469056545583345
1483747111039178
1498584582149569
1513570427971064
1528706132250774
1543993193573281
1559433125509013
1575027456764103
1590777731331744
1606685508645061
1622752363731511
1638979887368826
1655369686242514
1671923383104939
1688642616935988
1705529043105347
1722584333536400
1739810176871764
1757208278640481
1774780361426885
1792528165041153
1810453446691564
1828557981158479
1846843560970063
1865311996579763
1883965116545560
1902804767711015
1921832815388125
1941051143542006
1960461654977426
1980066271527200
1999866934242472
2019865603584896
2040064259620744
2060464902216951
2081069551239120
2101880246751511
2122899049219026
2144128039711216
2165569320108328
2187225013309411
2209097263442505
2231188236076930
2253500118437699
2276035119622075
2298795470818295
2321783425526477
2345001259781741
2368451272379558
2392135785103353
2416057142954386
2440217714383929
2464619891527768
2489266090443045
2514158751347475
2539300338860949
2564693342249558
2590340275672053
2616243678428773
2642406115213060
2668830176365190
2695518478128841
2722473662910129
2749698399539230
2777195383534622
2804967337369968
2833017010743667
2861347180851103
2889960652659614
2918860259186210
2948048861778072
2977529350395852
3007304643899810
3037377690338808
3067751467242196
3098428981914617
3129413271733763
3160707404451100
3192314478495611
3224237623280567
3256479999513372
3289044799508505
3321935247503590
3355154599978625
3388706145978411
3422593207438195
3456819139512576
3491387330907701
3526301204216778
3561564216258945
3597179858421534
3633151657005749
3669483173575806
3706178005311564
3743239785364679
3780672183218325
3818478905050508
3856663694101013
3895230331042023
3934182634352443
3973524460695967
4013259705302926
4053392302355955
4093926225379514
4134865487633309
4176214142509642
4217976283934738
4260156046774085
4302757607241825
4345785183314243
4389243035147385
4433135465498858
4477466820153846
4522241488355384
4567463903238937
4613138542271326
4659269927694039
4705862626970979
4752921253240688
4800450465773094
4848454970430824
4896939520135132
4945908915336483
4995368004489847
5045321684534745
5095774901380092
5146732650393892
5198199976897830
5250181976666808
5302683796433476
5355710634397810
5409267740741788
5463360418149205
5517994022330697
5573173962554003
5628905702179543
5685194759201338
5742046706793351
5799467173861284
5857461845599896
5916036464055894
5975196828696452
6034948796983416
6095298284953250
6156251267802782
6217813780480809
6279991918285617
6342791837468473
6406219755843157
6470281953401588
6534984772935603
6600334620664959
6666337966871608
6733001346540324
6800331360005727
6868334673605784
6937018020341841
7006388200545259
7076452082550711
7147216603376218
7218688769409980
7290875657104079
7363784413675119
7437422257811870
7511796480389988
7586914445193887
7662783589645825
7739411425542283
7816805539797705
7894973595195682
7973923331147638
8053662564459114
8134199190103705
8215541182004742
8297696593824789
8380673559763036
8464480295360666
8549125098314272
8634616349297414
8720962512790388
8808172137918291
8896253859297473
8985216397890447
9075068561869351
9165819247488044
9257477439962924
9350052214362553
9443552736506178
9537988263871239
9633368146509951
9729701827975050
9826998846254800
9925268834717348
10024521523064521
10124766738295166
10226014405678117
10328274549734898
10431557295232246
10535872868184568
10641231596866413
10747643912835077
10855120351963427
10963671555483061
11073308271037891
11184041353748269
11295881767285751
11408840584958608
11522928990808194
11638158280716275
11754539863523437
11872085262158671
11990806114780257
12110714175928059
12231821317687339
12354139530864212
12477680926172854
12602457735434582
12728482312788927
12855767135916816
12984324807275984
13114168055348743
13245309735902230
13377762833261252
13511540461593864
13646655866209802
13783122424871900
13920953649120619
14060163185611825
14200764817467943
14342772465642622
14486200190299048
14631062192202038
14777372814124058
14925146542265298
15074398007687950
15225141987764829
15377393407642477
15531167341718901
15686479015136090
15843343805287450
16001777243340324
16161795015773727
16323412965931464
16486647095590778
16651513566546685
16818028702212151
16986208989234272
17156071079126614
17327631789917880
17500908107817058
17675917188895228
17852676360784180
18031203124392021
18211515155635941
18393630307192300
18577566610264223
18763342276366865
18950975699130533
19140485456121838
19331890310683056
19525209213789886
19720461305927784
19917665918987061
20116842578176931
20318011003958700
20521191113998287
20726403025138269
20933667055389651
21143003725943547
21354433763202982
21567978100835011
21783657881843361
22001494460661794
22221509405268411
22443724499321095
22668161744314305
22894843361757448
23123791795375022
23355029713328772
23588580010462059
23824465810566679
24062710468672345
24303337573359068
24546370949092658
24791834658583584
25039753005169419
25290150535221113
25543052040573324
25798482560979057
26056467386588847
26317032060454735
26580202381059282
26846004404869874
27114464448918572
27385609093407757
27659465184341834
27936059836185252
28215420434547104
28497574638892575
28782550385281500
29070375889134315
29361079648025658
29654690444505914
29951237348950973
30250749722440482
30553257219664886
30858789791861534
31167377689780149
31479051466677950
31793841981344729
32111780401158176
32432898205169757
32757227187221454
33084799459093668
33415647453684604
33749803928221450
34087301967503664
34428174987178700
34772456737050487
35120181304420991
35471383117465200
35826096948639852
36184357918126250
36546201497307512
36911663512280587
37280780147403392
37653587948877425
38030123828366199
38410425066649860
38794529317316358
39182474610489521
39574299356594416
39970042350160360
40369742773661963
40773440201398582
41181174603412567
41592986349446692
42008916212941158
42429005375070569
42853295428821274
43281828383109486
43714646666940580
44151793133609985
44593311064946084
45039244175595544
45489636617351499
45944532983525013
46403978313360263
46868018096493865
47336698277458803
47810065260233391
48288165912835724
48771047571964081
49258758047683721
49751345628160558
50248859084442163
50751347675286584
51258861152039449
51771449763559843
52289164261195441
52812055903807395
53340176462845468
53873578227473922
54412314009748661
54956437149846147
55506001521344608
56061061536558054
56621672151923634
57187888873442870
57759767762177298
58337365439799070
58920739094197060
59509946485139030
60105045949990420
60706096409490324
61313157373585227
61926288947321079
62545551836794289
63171007355162231
63802717428713853
64440744603000991
65085152049031000
65736003569521310
66393363605216523
67057297241268688
67727870213681374
68405148915818187
69089200404976368
69780092409026131
70477893333116392
71182672266447555
71894498989112030
72613443979003150
73339578418793181
74072974202981112
74813703945010923
75561840984461032
76317459394305642
77080633988248698
77851440328131184
78629954731412495
79416254278726619
80210416821513885
81012520989729023
81822646199626313
82640872661622576
83467281388238801
84301954202121189
85144973744142400
85996423481583824
86856387716399662
87724951593563658
88602201109499294
89488223120594286
90383105351800228
91286936405318230
92199805769371412
93121803827065126
94053021865335777
94993552083989134
95943487604829025
96902922480877315
97871951705686088
98850671222742948
99839177934970377
100837569714320080
101845945411463280
102864404865577912
103893048914233691
104931979403376027
105981299197409787
107041112189383884
108111523311277722
109192638544390499
110284564929834403
111387410579132747
112501284684924074
113626297531773314
114762560507091047
115910186112161957
117069287973283576
118239980853016411
119422380661546575
120616604468162040
121822770512843660
123040998217972096
124271408200151816
125514122282153334
126769263504974867
128036956140024615
129317325701424861
130610498958439109
131916603948023500
133235769987503735
134568127687378772
135913808964252559
137272947053895084
138645676524434034
140032133289678374
141432454622575157
142846779168800908
144275246960488917
145717999430093806
147175179424394744
148646931218638691
150133400530825077
151634734536133327
153151081881494660
154682592700309606
156229418627312702
157791712813585829
159369629941721687
160963326241138903
162572959503550292
164198689098585794
165840675989571651
167499082749467367
169174073576962040
170865814312731660
172574472455858976
174300217180417565
176043219352221740
177803651545743957
179581688061201396
181377504941813409
183191279991231543
185023192791143858
186873424719055296
188742158966245848
190629580555908306
192535876361467389
194461235125082062
196405847476332882
198369905951096210
200353605010607172
202357141060713243
204380712471320375
206424519596033578
208488764791993913
210573652439913852
212679388964312990
214806182853956119
216954244682495680
219123787129320636
221315025000613842
223528175250619980
225763457003126179
228021091573157440
230301302488889014
232604315513777904
234930358668915683
237279662255604839
239652458878160887
242048983466942495
244469473301611919
246914168034628038
249383309714974318
251877142812124061
254395914240245301
256939873382647754
259509272116474231
262104364837638973
264725408486015362
267372662570875515
270046389196584270
272746853088550112
275474321619435613
278229064835629969
281011355483986268
283821469038826130
286659683729214391
289526280566506534
292421543372171599
295345758805893314
298299216393952247
301282208557891769
304295030643470686
307337980949905392
310411360759404445
313515474366998489
316650629110668473
319817135401775157
323015306755792908
326245459823350837
329507914421584345
332802993565800188
336131023501458189
339492333736472770
342887257073837497
346316129644575871
349779290941021629
353277083850431845
356809854688936163
360377953235825524
363981732768183779
367621550095865616
371297765596824272
375010743252792514
378760850685320439
382548459192173643
386373943784095379
390237683221936332
394140060054155695
398081460654697251
402062275261244223
406082898013856665
410143726993995231
414245164263935183
418387615906574534
422571492065640279
426797206986296681
431065179056159647
435375830846721243
439729589155188455
444126885046740339
448568153897207742
453053835436179819
457584373790541617
462160217528447033
466781819703731503
471449637900768818
476164134279776506
480925775622574271
485735033378800013
490592383712588013
495498307549713893
500453290625211031
505457823531463141
510512401766777772
515617525784445549
520773701042290004
525981438052712904
531241252433240033
536553664957572433
541919201607148157
547338393623219638
552811777559451834
558339895335046352
563923294288396815
569562527231280783
575258152503593590
581010734028629525
586820841368915820
592689049782604978
598615940280431027
604602099683235337
610648120680067690
616754601886868366
622922147905737049
629151369384794419
635442883078642363
641797311909428786
648215285028523073
654697437878808303
661244412257596386
667856856380172349
674535424943974072
681280779193413812
688093586985347950
694974522855201429
701924268083753443
708943510764590977
716032945872236886
723193275330959254
730425208084268846
737729460165111534
745106754766762649
752557822314430275
760083400537574577
767684234542950322
775361076888379825
783114687657263623
790945834533836259
798855292879174621
806843845807966367
814912284266046030
823061407108706490
831292021179793554
839604941391591489
848000990805507403
856481000713562477
865045810720698101
873696268827905082
882433231516184132
891257563831345973
900170139469659432
909171840864356026
918263559272999586
927446194865729581
936720656814386876
946087863382530744
955548742016356051
965104229436519611
974755271730884807
3758
